======================================================================
BIAS DETECTION REPORT
======================================================================

Fairness Score: 0.355
Status: WARNING

Detailed Analysis:
NCrF_Level  Predicted_Level
Level 4.5   3                  0.648544
            0                  0.232210
            1                  0.104386
            2                  0.014860
Level 5     3                  0.651185
            0                  0.232463
            1                  0.103783
            2                  0.012569
Level 5.5   3                  0.648600
            0                  0.228875
            1                  0.108281
            2                  0.014244
Level 6     3                  0.650120
            0                  0.225718
            1                  0.106579
            2                  0.017584
Level 6.5   3                  0.657838
            0                  0.219080
            1                  0.108941
            2                  0.014142
Level 7     3                  0.649803
            0                  0.228612
            1                  0.106908
            2                  0.014676
Name: proportion, dtype: float64